SCHEME_CODE 0
# CODE  LAYER SENSOR_IX SENSOR_IV  IX  IV TYPE  VALUE
 0 1 0 0 4 -7  5 280.893
 0 1 0 0 4 -5  0 271.572
 0 1 0 0 4 -4  0 267.978
 0 1 0 0 5 -5  0 261.22
 0 1 0 0 4 -3  0 266.249
 0 1 0 0 5 -6  2 259.159
 0 1 0 0 3 -3  0 261.529
 0 1 0 0 4 -2  0 262.404
 0 1 0 0 3 -2  0 256.833
 0 1 0 0 5 -2  0 238.334
 0 1 0 0 3 -1  0 250.606
 0 1 0 0 5 -3  0 249.288
 0 1 0 0 2 -1  0 250.979
 0 1 0 0 5 -4  0 245.975
 0 1 0 0 3 -5  0 252.674
 0 1 0 0 6 -4  0 249.476
 0 1 0 0 3 -4  0 254.247
 0 1 0 0 6 -5  2 239.829
 0 1 0 0 2 -3  0 244.503
 0 1 0 0 7 -3  3 246.681
 0 1 0 0 2 -2  0 246.495
 0 1 0 0 6 -3  0 245.176
 0 1 0 0 1 -1  0 244.004
 0 1 0 0 4 -1  0 252.676
 0 1 0 0 1 0  0 253.085
 0 1 0 0 3 0  0 256.307
 0 1 0 0 -1 2  1 246.844
 0 1 0 0 4 0  0 257.368
 0 1 0 0 6 -2  0 260.601
 0 1 0 0 0 1  0 269.612
 0 1 0 0 5 -1  0 263.897
 0 1 0 0 2 0  0 278.657
 0 1 0 0 6 -1  2 286.165
 0 1 0 0 2 1  0 281.535
 0 1 0 0 5 0  0 277.562
 0 1 0 0 1 1  0 274.879
 0 1 0 0 4 1  0 276.514
 0 1 0 0 0 2  0 262.681
 0 1 0 0 5 1  2 266.874
 0 1 0 0 -1 2  4 259.484
 0 1 0 0 3 2  0 262.974
 0 1 0 0 -2 4  0 256.922
 0 1 0 0 3 1  0 250.932
 0 1 0 0 -1 3  0 254.363
 0 1 0 0 2 2  0 247.67
 0 1 0 0 -1 4  0 256.729
 0 1 0 0 4 2  0 259.052
 0 1 0 0 -3 6  0 253.953
 0 1 0 0 3 3  0 261.126
 0 1 0 0 -2 5  0 269.82
 0 1 0 0 4 3  3 258.603
 0 1 0 0 0 3  0 263.092
 0 1 0 0 2 4  0 261.249
 0 1 0 0 1 2  0 265.794
 0 1 0 0 2 3  0 268.514
 0 1 0 0 1 3  0 267.744
 0 1 0 0 1 4  0 284.889
 0 1 0 0 -2 6  5 275.215
 0 1 0 0 1 5  2 278.966
 0 1 0 0 -1 6  2 282.921
 0 1 0 0 0 5  0 283.425
 0 1 0 0 -1 5  0 279.739
 0 1 0 0 0 4  0 284.385
 0 1 0 0 -4 6  5 272.272
 0 1 0 0 -4 5  0 261.601
 0 1 0 0 -4 4  0 270.781
 0 1 0 0 -5 5  0 261.245
 0 1 0 0 -4 3  0 262.428
 0 1 0 0 -5 6  2 253.718
 0 1 0 0 -3 3  0 260.298
 0 1 0 0 -4 2  0 244.18
 0 1 0 0 -3 2  0 246.439
 0 1 0 0 -5 2  0 246.364
 0 1 0 0 -3 1  0 247.865
 0 1 0 0 -5 3  0 245.641
 0 1 0 0 -2 1  0 247.898
 0 1 0 0 -6 5  2 237.45
 0 1 0 0 -3 5  0 245.69
 0 1 0 0 -5 4  0 242.051
 0 1 0 0 -3 4  0 247.027
 0 1 0 0 -6 4  0 232.485
 0 1 0 0 -2 3  0 253.649
 0 1 0 0 -7 4  3 246.791
 0 1 0 0 -2 2  0 250.844
 0 1 0 0 -6 3  0 241.952
 0 1 0 0 -1 1  0 236.816
 0 1 0 0 -4 1  0 244.429
 0 1 0 0 -1 0  0 251.051
 0 1 0 0 -3 0  0 245.114
 0 1 0 0 0 0  0 245.511
 0 1 0 0 -4 0  0 250.274
 0 1 0 0 1 -2  0 250.897
 0 1 0 0 -6 2  0 248.919
 0 1 0 0 0 -1  0 264.27
 0 1 0 0 -5 1  0 265.495
 0 1 0 0 -2 0  0 271.296
 0 1 0 0 -6 1  2 269.827
 0 1 0 0 -2 -1  0 273.297
 0 1 0 0 -5 0  0 263.533
 0 1 0 0 -1 -1  0 265.698
 0 1 0 0 -4 -1  0 257.545
 0 1 0 0 0 -2  0 256.666
 0 1 0 0 -5 -1  2 253.4
 0 1 0 0 2 -4  1 245.785
 0 1 0 0 -3 -2  0 249.989
 0 1 0 0 2 -4  4 250.567
 0 1 0 0 -3 -1  0 245.014
 0 1 0 0 1 -3  0 247.534
 0 1 0 0 -2 -2  0 249.174
 0 1 0 0 1 -4  0 247.833
 0 1 0 0 -4 -2  0 255.417
 0 1 0 0 3 -6  0 247.382
 0 1 0 0 -3 -3  0 244.321
 0 1 0 0 2 -5  0 249.704
 0 1 0 0 -3 -4  3 237.645
 0 1 0 0 0 -3  0 248.83
 0 1 0 0 -2 -4  0 251.158
 0 1 0 0 -1 -2  0 247.088
 0 1 0 0 -2 -3  0 252.306
 0 1 0 0 -1 -3  0 258.811
 0 1 0 0 -1 -4  0 269.917
 0 1 0 0 3 -7  5 263.911
 0 1 0 0 -1 -5  2 276.271
 0 1 0 0 1 -6  2 268.748
 0 1 0 0 0 -5  0 268.647
 0 1 0 0 1 -5  0 271.648
 0 1 0 0 0 -4  0 268.495
