SCHEME_CODE 0
# CODE  LAYER SENSOR_IX SENSOR_IV  IX  IV TYPE  VALUE
 0 1 0 0 4 -7  5 274.691
 0 1 0 0 4 -5  0 274.857
 0 1 0 0 4 -4  0 263.55
 0 1 0 0 5 -5  0 263.345
 0 1 0 0 4 -3  0 257.732
 0 1 0 0 5 -6  2 252.956
 0 1 0 0 3 -3  0 248.956
 0 1 0 0 4 -2  0 248.741
 0 1 0 0 3 -2  0 244.314
 0 1 0 0 5 -2  0 250.636
 0 1 0 0 3 -1  0 246.819
 0 1 0 0 5 -3  0 249.232
 0 1 0 0 2 -1  0 236.177
 0 1 0 0 5 -4  0 244.027
 0 1 0 0 3 -5  0 247.291
 0 1 0 0 6 -4  0 239.092
 0 1 0 0 3 -4  0 243.822
 0 1 0 0 6 -5  2 240.684
 0 1 0 0 2 -3  0 239.712
 0 1 0 0 7 -3  3 242.486
 0 1 0 0 2 -2  0 237.04
 0 1 0 0 6 -3  0 243.063
 0 1 0 0 1 -1  0 246.957
 0 1 0 0 4 -1  0 242.612
 0 1 0 0 1 0  0 246.532
 0 1 0 0 3 0  0 248.563
 0 1 0 0 -1 2  1 254.062
 0 1 0 0 4 0  0 247.283
 0 1 0 0 6 -2  0 263.263
 0 1 0 0 0 1  0 262.588
 0 1 0 0 5 -1  0 275.519
 0 1 0 0 2 0  0 269.289
 0 1 0 0 6 -1  2 286.448
 0 1 0 0 2 1  0 276.531
 0 1 0 0 5 0  0 275.046
 0 1 0 0 1 1  0 266.567
 0 1 0 0 4 1  0 266.938
 0 1 0 0 0 2  0 264.124
 0 1 0 0 5 1  2 267.41
 0 1 0 0 -1 2  4 256.342
 0 1 0 0 3 2  0 249.412
 0 1 0 0 -2 4  0 262.387
 0 1 0 0 3 1  0 252.225
 0 1 0 0 -1 3  0 246.912
 0 1 0 0 2 2  0 250.417
 0 1 0 0 -1 4  0 245.689
 0 1 0 0 4 2  0 252.39
 0 1 0 0 -3 6  0 252.168
 0 1 0 0 3 3  0 251.05
 0 1 0 0 -2 5  0 254.065
 0 1 0 0 4 3  3 247.993
 0 1 0 0 0 3  0 259.146
 0 1 0 0 2 4  0 251.848
 0 1 0 0 1 2  0 254.444
 0 1 0 0 2 3  0 261.721
 0 1 0 0 1 3  0 264.815
 0 1 0 0 1 4  0 263.066
 0 1 0 0 -2 6  5 275.629
 0 1 0 0 1 5  2 277.965
 0 1 0 0 -1 6  2 271.917
 0 1 0 0 0 5  0 286.912
 0 1 0 0 -1 5  0 275.633
 0 1 0 0 0 4  0 277.539
 0 1 0 0 -4 6  5 265.579
 0 1 0 0 -4 5  0 258.122
 0 1 0 0 -4 4  0 260.402
 0 1 0 0 -5 5  0 261.773
 0 1 0 0 -4 3  0 257.535
 0 1 0 0 -5 6  2 243.143
 0 1 0 0 -3 3  0 243.457
 0 1 0 0 -4 2  0 234.881
 0 1 0 0 -3 2  0 238.087
 0 1 0 0 -5 2  0 236.704
 0 1 0 0 -3 1  0 234.629
 0 1 0 0 -5 3  0 230.787
 0 1 0 0 -2 1  0 230.202
 0 1 0 0 -6 5  2 232.267
 0 1 0 0 -3 5  0 220.595
 0 1 0 0 -5 4  0 233.294
 0 1 0 0 -3 4  0 231.958
 0 1 0 0 -6 4  0 232.354
 0 1 0 0 -2 3  0 231.851
 0 1 0 0 -7 4  3 230.978
 0 1 0 0 -2 2  0 226.056
 0 1 0 0 -6 3  0 231.947
 0 1 0 0 -1 1  0 233.329
 0 1 0 0 -4 1  0 233.509
 0 1 0 0 -1 0  0 229.6
 0 1 0 0 -3 0  0 234.676
 0 1 0 0 0 0  0 236.044
 0 1 0 0 -4 0  0 240.284
 0 1 0 0 1 -2  0 239.018
 0 1 0 0 -6 2  0 247.889
 0 1 0 0 0 -1  0 254.909
 0 1 0 0 -5 1  0 260.248
 0 1 0 0 -2 0  0 264.085
 0 1 0 0 -6 1  2 262.496
 0 1 0 0 -2 -1  0 266.746
 0 1 0 0 -5 0  0 262.178
 0 1 0 0 -1 -1  0 257.947
 0 1 0 0 -4 -1  0 248.844
 0 1 0 0 0 -2  0 250.668
 0 1 0 0 -5 -1  2 246.822
 0 1 0 0 2 -4  1 244.034
 0 1 0 0 -3 -2  0 242.02
 0 1 0 0 2 -4  4 243.58
 0 1 0 0 -3 -1  0 241.508
 0 1 0 0 1 -3  0 233.581
 0 1 0 0 -2 -2  0 234.676
 0 1 0 0 1 -4  0 243.271
 0 1 0 0 -4 -2  0 238.47
 0 1 0 0 3 -6  0 231.171
 0 1 0 0 -3 -3  0 236.383
 0 1 0 0 2 -5  0 239.84
 0 1 0 0 -3 -4  3 234.491
 0 1 0 0 0 -3  0 236.54
 0 1 0 0 -2 -4  0 243.58
 0 1 0 0 -1 -2  0 242.509
 0 1 0 0 -2 -3  0 247.761
 0 1 0 0 -1 -3  0 250.722
 0 1 0 0 -1 -4  0 267.767
 0 1 0 0 3 -7  5 264.058
 0 1 0 0 -1 -5  2 267.581
 0 1 0 0 1 -6  2 266.537
 0 1 0 0 0 -5  0 267.958
 0 1 0 0 1 -5  0 264.358
 0 1 0 0 0 -4  0 263.043
