SCHEME_CODE 0
# CODE  LAYER SENSOR_IX SENSOR_IV  IX  IV TYPE  VALUE
 0 1 0 0 4 -7  5 308.442
 0 1 0 0 4 -5  0 306.805
 0 1 0 0 4 -4  0 287.039
 0 1 0 0 5 -5  0 292.896
 0 1 0 0 4 -3  0 292.928
 0 1 0 0 5 -6  2 257.449
 0 1 0 0 3 -3  0 298.685
 0 1 0 0 4 -2  0 248.049
 0 1 0 0 3 -2  0 259.624
 0 1 0 0 5 -2  0 167.556
 0 1 0 0 3 -1  0 259.815
 0 1 0 0 5 -3  0 254.912
 0 1 0 0 2 -1  0 249.229
 0 1 0 0 5 -4  0 239.755
 0 1 0 0 3 -5  0 263.811
 0 1 0 0 6 -4  0 225.285
 0 1 0 0 3 -4  0 255.724
 0 1 0 0 6 -5  2 196.824
 0 1 0 0 2 -3  0 256.704
 0 1 0 0 7 -3  3 210.152
 0 1 0 0 2 -2  0 250.712
 0 1 0 0 6 -3  0 226.866
 0 1 0 0 1 -1  0 257.22
 0 1 0 0 4 -1  0 234.028
 0 1 0 0 1 0  0 257.443
 0 1 0 0 3 0  0 259.478
 0 1 0 0 -1 2  1 209.335
 0 1 0 0 4 0  0 262.21
 0 1 0 0 6 -2  0 213.703
 0 1 0 0 0 1  0 273.756
 0 1 0 0 5 -1  0 234.67
 0 1 0 0 2 0  0 282.309
 0 1 0 0 6 -1  2 283.213
 0 1 0 0 2 1  0 289.406
 0 1 0 0 5 0  0 296.925
 0 1 0 0 1 1  0 280.146
 0 1 0 0 4 1  0 293.382
 0 1 0 0 0 2  0 279.602
 0 1 0 0 5 1  2 270.011
 0 1 0 0 -1 2  4 270.05
 0 1 0 0 3 2  0 297.934
 0 1 0 0 -2 4  0 277.988
 0 1 0 0 3 1  0 276.28
 0 1 0 0 -1 3  0 264.891
 0 1 0 0 2 2  0 268.029
 0 1 0 0 -1 4  0 263.405
 0 1 0 0 4 2  0 270.421
 0 1 0 0 -3 6  0 269.667
 0 1 0 0 3 3  0 269.18
 0 1 0 0 -2 5  0 270.31
 0 1 0 0 4 3  3 259.855
 0 1 0 0 0 3  0 278.543
 0 1 0 0 2 4  0 272.405
 0 1 0 0 1 2  0 273.959
 0 1 0 0 2 3  0 284.931
 0 1 0 0 1 3  0 285.963
 0 1 0 0 1 4  0 288.024
 0 1 0 0 -2 6  5 303.364
 0 1 0 0 1 5  2 284.077
 0 1 0 0 -1 6  2 277.66
 0 1 0 0 0 5  0 313.276
 0 1 0 0 -1 5  0 302.425
 0 1 0 0 0 4  0 309.406
 0 1 0 0 -4 6  5 282.258
 0 1 0 0 -4 5  0 263.51
 0 1 0 0 -4 4  0 267.724
 0 1 0 0 -5 5  0 266.074
 0 1 0 0 -4 3  0 267.807
 0 1 0 0 -5 6  2 232.541
 0 1 0 0 -3 3  0 317.82
 0 1 0 0 -4 2  0 245.364
 0 1 0 0 -3 2  0 245.801
 0 1 0 0 -5 2  0 257.941
 0 1 0 0 -3 1  0 239.537
 0 1 0 0 -5 3  0 240.34
 0 1 0 0 -2 1  0 235.066
 0 1 0 0 -6 5  2 224.636
 0 1 0 0 -3 5  0 236.796
 0 1 0 0 -5 4  0 243.832
 0 1 0 0 -3 4  0 265.901
 0 1 0 0 -6 4  0 245.25
 0 1 0 0 -2 3  0 309.802
 0 1 0 0 -7 4  3 225.023
 0 1 0 0 -2 2  0 243.817
 0 1 0 0 -6 3  0 249.648
 0 1 0 0 -1 1  0 246.601
 0 1 0 0 -4 1  0 243.42
 0 1 0 0 -1 0  0 239.029
 0 1 0 0 -3 0  0 238.835
 0 1 0 0 0 0  0 238.892
 0 1 0 0 -4 0  0 245.568
 0 1 0 0 1 -2  0 242.808
 0 1 0 0 -6 2  0 257.404
 0 1 0 0 0 -1  0 257.452
 0 1 0 0 -5 1  0 281.718
 0 1 0 0 -2 0  0 267.991
 0 1 0 0 -6 1  2 254.574
 0 1 0 0 -2 -1  0 269.871
 0 1 0 0 -5 0  0 268.641
 0 1 0 0 -1 -1  0 262.559
 0 1 0 0 -4 -1  0 250.84
 0 1 0 0 0 -2  0 253.163
 0 1 0 0 -5 -1  2 237.207
 0 1 0 0 2 -4  1 198.904
 0 1 0 0 -3 -2  0 266.723
 0 1 0 0 2 -4  4 243.01
 0 1 0 0 -3 -1  0 249.424
 0 1 0 0 1 -3  0 237.202
 0 1 0 0 -2 -2  0 242.384
 0 1 0 0 1 -4  0 248.45
 0 1 0 0 -4 -2  0 222.937
 0 1 0 0 3 -6  0 240.794
 0 1 0 0 -3 -3  0 244.284
 0 1 0 0 2 -5  0 250.069
 0 1 0 0 -3 -4  3 234.284
 0 1 0 0 0 -3  0 241.609
 0 1 0 0 -2 -4  0 251.373
 0 1 0 0 -1 -2  0 246.947
 0 1 0 0 -2 -3  0 257.546
 0 1 0 0 -1 -3  0 257.456
 0 1 0 0 -1 -4  0 277.211
 0 1 0 0 3 -7  5 278.739
 0 1 0 0 -1 -5  2 259.391
 0 1 0 0 1 -6  2 257.2
 0 1 0 0 0 -5  0 276.512
 0 1 0 0 1 -5  0 273.481
 0 1 0 0 0 -4  0 268.51
