SCHEME_CODE 0
# CODE  LAYER SENSOR_IX SENSOR_IV  IX  IV TYPE  VALUE
 0 1 0 0 4 -7  5 278.168
 0 1 0 0 4 -5  0 268.973
 0 1 0 0 4 -4  0 266.241
 0 1 0 0 5 -5  0 258.873
 0 1 0 0 4 -3  0 263.303
 0 1 0 0 5 -6  2 259.221
 0 1 0 0 3 -3  0 257.077
 0 1 0 0 4 -2  0 263.029
 0 1 0 0 3 -2  0 255.751
 0 1 0 0 5 -2  0 249.625
 0 1 0 0 3 -1  0 249.835
 0 1 0 0 5 -3  0 249.612
 0 1 0 0 2 -1  0 250.083
 0 1 0 0 5 -4  0 246.969
 0 1 0 0 3 -5  0 251.399
 0 1 0 0 6 -4  0 251.59
 0 1 0 0 3 -4  0 253.46
 0 1 0 0 6 -5  2 244.725
 0 1 0 0 2 -3  0 243.201
 0 1 0 0 7 -3  3 250.613
 0 1 0 0 2 -2  0 245.546
 0 1 0 0 6 -3  0 247.423
 0 1 0 0 1 -1  0 243.387
 0 1 0 0 4 -1  0 253.985
 0 1 0 0 1 0  0 252.377
 0 1 0 0 3 0  0 255.456
 0 1 0 0 -1 2  1 251.316
 0 1 0 0 4 0  0 256.119
 0 1 0 0 6 -2  0 266.49
 0 1 0 0 0 1  0 268.842
 0 1 0 0 5 -1  0 268.653
 0 1 0 0 2 0  0 277.885
 0 1 0 0 6 -1  2 286.842
 0 1 0 0 2 1  0 280.727
 0 1 0 0 5 0  0 275.604
 0 1 0 0 1 1  0 273.829
 0 1 0 0 4 1  0 274.389
 0 1 0 0 0 2  0 261.433
 0 1 0 0 5 1  2 266.972
 0 1 0 0 -1 2  4 258.471
 0 1 0 0 3 2  0 258.618
 0 1 0 0 -2 4  0 255.79
 0 1 0 0 3 1  0 248.857
 0 1 0 0 -1 3  0 252.95
 0 1 0 0 2 2  0 246.254
 0 1 0 0 -1 4  0 255.304
 0 1 0 0 4 2  0 257.696
 0 1 0 0 -3 6  0 252.532
 0 1 0 0 3 3  0 259.738
 0 1 0 0 -2 5  0 268.624
 0 1 0 0 4 3  3 257.719
 0 1 0 0 0 3  0 261.544
 0 1 0 0 2 4  0 259.395
 0 1 0 0 1 2  0 264.199
 0 1 0 0 2 3  0 266.597
 0 1 0 0 1 3  0 265.999
 0 1 0 0 1 4  0 282.77
 0 1 0 0 -2 6  5 272.886
 0 1 0 0 1 5  2 278.762
 0 1 0 0 -1 6  2 282.861
 0 1 0 0 0 5  0 281.44
 0 1 0 0 -1 5  0 277.875
 0 1 0 0 0 4  0 281.986
 0 1 0 0 -4 6  5 271.147
 0 1 0 0 -4 5  0 261.595
 0 1 0 0 -4 4  0 270.479
 0 1 0 0 -5 5  0 261.243
 0 1 0 0 -4 3  0 261.793
 0 1 0 0 -5 6  2 254.858
 0 1 0 0 -3 3  0 253.076
 0 1 0 0 -4 2  0 243.16
 0 1 0 0 -3 2  0 245.834
 0 1 0 0 -5 2  0 244.472
 0 1 0 0 -3 1  0 247.202
 0 1 0 0 -5 3  0 244.809
 0 1 0 0 -2 1  0 247.258
 0 1 0 0 -6 5  2 238.045
 0 1 0 0 -3 5  0 244.052
 0 1 0 0 -5 4  0 240.909
 0 1 0 0 -3 4  0 243.7
 0 1 0 0 -6 4  0 231.162
 0 1 0 0 -2 3  0 245.941
 0 1 0 0 -7 4  3 247.316
 0 1 0 0 -2 2  0 249.128
 0 1 0 0 -6 3  0 240.218
 0 1 0 0 -1 1  0 235.535
 0 1 0 0 -4 1  0 243.545
 0 1 0 0 -1 0  0 250.09
 0 1 0 0 -3 0  0 244.788
 0 1 0 0 0 0  0 245.305
 0 1 0 0 -4 0  0 249.871
 0 1 0 0 1 -2  0 250.687
 0 1 0 0 -6 2  0 248.331
 0 1 0 0 0 -1  0 264.617
 0 1 0 0 -5 1  0 264.117
 0 1 0 0 -2 0  0 271.551
 0 1 0 0 -6 1  2 271.392
 0 1 0 0 -2 -1  0 273.771
 0 1 0 0 -5 0  0 263.627
 0 1 0 0 -1 -1  0 265.855
 0 1 0 0 -4 -1  0 257.762
 0 1 0 0 0 -2  0 256.854
 0 1 0 0 -5 -1  2 254.639
 0 1 0 0 2 -4  1 250.268
 0 1 0 0 -3 -2  0 247.846
 0 1 0 0 2 -4  4 250.803
 0 1 0 0 -3 -1  0 244.506
 0 1 0 0 1 -3  0 247.336
 0 1 0 0 -2 -2  0 248.563
 0 1 0 0 1 -4  0 247.509
 0 1 0 0 -4 -2  0 257.449
 0 1 0 0 3 -6  0 246.666
 0 1 0 0 -3 -3  0 243.667
 0 1 0 0 2 -5  0 248.838
 0 1 0 0 -3 -4  3 237.802
 0 1 0 0 0 -3  0 248.597
 0 1 0 0 -2 -4  0 250.621
 0 1 0 0 -1 -2  0 247.062
 0 1 0 0 -2 -3  0 251.584
 0 1 0 0 -1 -3  0 258.577
 0 1 0 0 -1 -4  0 269.681
 0 1 0 0 3 -7  5 263.158
 0 1 0 0 -1 -5  2 277.732
 0 1 0 0 1 -6  2 270.271
 0 1 0 0 0 -5  0 268.692
 0 1 0 0 1 -5  0 271.723
 0 1 0 0 0 -4  0 268.894
